521214495 4378 6687 7953 4378 6687 7953 4378 6687 7953 4378 6687 7953 4378 6687 7953 4378 6687 12049 4356 6687 
286924561 6687 7953 4378 6687 7953 4378 6687 7953 4378 6687 7953 4378 1071 7953 4378 1071 7953 4378 1071 7953 
70193434 7953 4378 6687 7953 4378 6687 7953 4378 6687 7953 4378 6687 7953 4378 6687 7953 4378 6687 7953 4378 
521214495 4378 6687 7953 4378 6687 12049 4356 6687 7953 4378 6687 7953 4378 6687 7953 4378 6687 7953 4378 6687 
286924561 6687 12049 4356 6687 12049 4356 6687 12049 4356 6687 12049 4356 6687 7953 4378 6687 7953 4378 6687 7953 
438243610 7953 4378 6687 7953 4378 6687 7953 4378 6687 7953 4378 6687 7953 4378 1071 7953 4378 6687 7953 4378 
521214495 4378 6687 7953 4378 6687 7953 4378 6687 7953 4378 6687 12049 4356 6687 12049 4356 6687 12049 4356 6687 
286924561 6687 7953 4378 6687 7953 4378 6687 7953 4378 6687 7953 4378 6687 7953 4378 6687 7953 4378 6687 7953 
70193434 7953 4378 6687 7953 4378 6687 7953 4378 6687 7953 4378 6687 7953 4378 6687 7953 4378 6687 7953 4378 
789649951 4356 6687 12049 4356 6687 7953 4378 6687 7953 4378 6687 7953 4378 6687 7953 4378 6687 7953 4378 6687 
286924561 6687 7953 4378 6687 7953 4378 1071 7953 4378 6687 7953 4378 6687 7953 4378 6687 7953 4378 6687 7953 
438243610 7953 4378 6687 7953 4378 6687 7953 4378 6687 12049 4356 6687 7953 4378 6687 7953 4378 6687 7953 4378 
521214495 4378 6687 7953 4378 6687 7953 4378 6687 7953 4378 6687 7953 4378 1071 7953 4378 6687 7953 4378 6687 
286924561 6687 7953 4378 6687 7953 4378 6687 12049 4356 6687 12049 4356 6687 7953 4378 6687 7953 4378 6687 7953 
438243610 7953 4378 6687 7953 4378 6687 7953 4378 6687 7953 4378 6687 7953 4378 6687 7953 4378 6687 7953 4378 
521214495 4378 6687 7953 4378 6687 7953 4378 6687 7953 4378 6687 7953 4378 6687 0 0 0 0 0 0 
